Ntc	Nli	Nbr	Nla	Nmu	NA1	NA2	NA3	NA4	t1	t2	t3	t4	Mmu2la	Mla2mu	Mli2la	Mla2li	Mli2tc	Mtc2li	Mmu2li	Mli2mu	Mla2tc	Mtc2la	Mli2br	Mbr2li	MaxEstLhood	MaxObsLhood
1133	9762	5221	15586	8582	1092	3420	41559	854573	2281	3582	3807	4268	6.83E-05	1.17E-05	1.64E-05	1.48E-06	3.80E-04	6.86E-06	3.35E-05	1.34E-05	1.77E-05	2.85E-06	5.92E-05	3.99E-05	-4624162.735	-4579617.966
1152	3097	5405	16828	4852	1256	7716	153259	858865	1870	4299	4563	6918	2.41E-04	2.65E-06	6.68E-05	9.49E-06	4.98E-04	4.96E-06	7.18E-05	1.26E-05	1.13E-05	2.44E-06	1.11E-04	5.59E-05	-4631512.592	-4576826.437
1116	4752	5870	14258	13858	1212	2014	432053	805600	3069	3686	3933	7015	4.82E-05	6.88E-06	3.01E-05	1.36E-05	6.31E-04	3.99E-06	2.94E-05	1.18E-05	7.66E-06	1.29E-06	6.66E-05	1.95E-05	-4611937.245	-4568812.25
1087	5546	5142	24709	16250	2544	73742	225677	767274	3586	4116	6780	8363	4.42E-05	7.49E-06	8.22E-06	1.05E-05	6.32E-04	3.86E-06	2.37E-05	1.03E-05	1.08E-05	1.80E-06	6.56E-05	4.62E-05	-4612194.177	-4570128.965
4564	1320	8006	25766	19626	1133	16524	384288	788010	619	4533	6180	8398	1.27E-04	1.34E-05	1.38E-04	2.14E-06	2.39E-05	2.98E-06	5.68E-05	1.10E-04	4.22E-05	1.29E-06	2.42E-04	3.82E-05	-4610895.611	-4563474.738
1092	4095	6424	20193	18674	1435	15310	446699	787147	2235	4461	5370	8773	5.72E-05	6.24E-06	4.45E-05	9.75E-06	4.38E-04	1.18E-05	1.93E-05	2.03E-05	1.47E-05	1.57E-06	7.85E-05	2.52E-05	-4605448.361	-4561651.073
1101	2055	6609	15266	21115	1123	2902	509769	839876	1198	3884	4149	9366	6.77E-05	1.85E-05	8.93E-05	2.67E-05	6.38E-04	7.06E-06	2.84E-05	6.22E-05	3.30E-06	3.70E-06	1.71E-04	9.73E-06	-4613678.72	-4567499.989
1150	4782	6008	20768	16989	232947	120587	254331	799585	4339	4787	5566	9599	3.99E-05	1.22E-05	2.21E-05	1.18E-05	6.19E-04	4.26E-06	2.76E-05	1.32E-05	6.12E-06	4.54E-06	6.90E-05	4.46E-05	-4600496.285	-4557942.163
1073	4871	5398	26844	16839	50265	110120	142751	813866	3787	4294	7946	9776	3.72E-05	6.90E-06	2.88E-06	1.11E-05	6.37E-04	4.35E-06	3.61E-05	1.99E-05	8.49E-06	3.08E-06	6.60E-05	4.34E-05	-4615346.395	-4572543.66
1821	1215	8507	24749	22134	1274	7965	253539	786965	688	4774	5761	10017	1.25E-04	2.35E-05	1.61E-04	2.34E-05	5.93E-04	2.39E-06	6.35E-05	1.31E-04	1.80E-05	2.78E-06	2.37E-04	1.00E-05	-4621908.368	-4574160.725
1142	6433	7276	31725	24027	1264	49301	113413	816816	3582	4375	9043	10538	2.74E-05	4.50E-06	9.34E-06	1.68E-05	4.61E-04	9.55E-06	1.72E-05	1.49E-05	5.13E-06	1.78E-06	5.50E-05	1.90E-05	-4616413.233	-4574171.958
1132	2183	9626	27770	23571	1939	13629	213126	796885	1041	5722	7151	10562	1.00E-04	9.89E-06	9.46E-05	1.95E-05	4.08E-04	2.83E-06	5.00E-05	4.74E-05	1.60E-05	2.36E-06	1.57E-04	1.70E-05	-4608826.911	-4562850.448
1129	5573	5756	27509	19933	20177	78241	172647	816790	3935	4129	8547	10604	3.88E-05	5.06E-06	8.88E-06	1.76E-05	6.06E-04	1.57E-06	2.21E-05	5.46E-06	5.25E-06	3.60E-06	5.77E-05	3.25E-05	-4609798.281	-4567451.438
1174	5826	6932	23724	17734	6229	153654	424894	855957	4593	5782	7495	10640	4.09E-05	9.33E-06	1.05E-05	1.85E-05	4.86E-04	1.54E-05	2.49E-05	1.21E-05	3.55E-06	2.46E-06	5.46E-05	3.80E-05	-4605612.521	-4562404.1
5569	2015	8503	29473	25553	1296	39306	344190	755424	1073	5574	7922	11032	5.50E-05	3.11E-05	8.71E-05	3.46E-05	2.20E-04	7.40E-06	3.86E-05	6.78E-05	1.34E-06	1.20E-06	1.35E-04	3.17E-05	-4627985.134	-4579173.288
1249	6013	10376	27109	24585	144555	7308	293810	787494	4467	6242	7152	11035	2.26E-05	4.55E-06	1.37E-05	4.14E-06	4.97E-04	2.48E-06	1.89E-05	6.15E-06	8.72E-06	3.29E-06	4.33E-05	1.01E-05	-4608395.211	-4566546.007
1148	10011	8518	31278	25588	2584	25524	417936	782202	3389	5847	7773	11122	3.19E-05	2.68E-06	1.11E-05	1.07E-05	3.14E-04	2.53E-06	1.42E-05	4.75E-06	2.01E-06	3.67E-06	4.48E-05	2.18E-05	-4615459.225	-4574202.633
1150	5534	7392	35442	22053	4054	184409	218622	789214	3694	5849	9980	11154	3.28E-05	9.21E-06	2.77E-05	6.37E-06	5.51E-04	8.47E-06	2.64E-05	9.84E-06	7.03E-06	2.43E-06	6.41E-05	3.31E-05	-4604595.314	-4562108.905
1225	3372	9135	22124	24688	1568	7364	819613	771488	1967	5042	5992	11444	4.71E-05	6.44E-06	6.19E-05	2.05E-05	4.61E-04	1.52E-05	2.49E-05	2.40E-05	6.70E-06	3.47E-06	1.13E-04	9.46E-06	-4611191.503	-4566485.033
3267	1416	11470	31298	23853	1711	14394	214661	834194	651	6509	8343	11508	1.26E-04	2.27E-05	1.28E-04	4.91E-05	1.73E-05	3.42E-06	6.23E-05	8.74E-05	1.15E-05	1.49E-06	2.02E-04	2.15E-05	-4634598.886	-4586309.24
1139	1844	7036	39038	27842	1471	90749	132888	816141	925	4993	10452	11534	6.85E-05	1.39E-05	1.06E-04	7.23E-06	3.84E-04	2.26E-05	4.05E-05	6.02E-05	3.27E-05	1.64E-06	1.85E-04	5.16E-05	-4623211.781	-4576334.684
1506	1318	10706	30498	25557	1873	17836	288500	757534	883	6507	8280	11675	8.85E-05	2.67E-05	1.67E-04	3.93E-05	8.07E-04	1.24E-05	5.69E-05	7.57E-05	1.65E-05	2.32E-06	1.95E-04	3.00E-05	-4604845.096	-4557610.237
2474	1374	13969	38849	28338	1929	20590	332240	799110	635	7694	10137	11790	9.80E-05	3.18E-06	1.12E-04	5.58E-05	3.72E-05	1.31E-05	5.72E-05	9.27E-05	2.94E-06	2.19E-06	2.22E-04	1.79E-05	-4619605.848	-4571876.397
1175	3625	8606	34415	23680	2197	81103	408196	850292	2062	6497	8806	11816	5.41E-05	9.59E-06	5.66E-05	7.02E-06	4.65E-04	1.75E-05	2.39E-05	2.45E-05	1.20E-05	3.27E-06	9.49E-05	3.53E-05	-4614553.962	-4569820.035
1238	6315	10052	31606	26512	2343	27345	257209	750717	2238	6694	8588	11818	4.21E-05	1.26E-05	2.69E-05	7.38E-06	2.38E-04	8.04E-06	2.14E-05	1.74E-05	1.26E-05	2.54E-06	7.29E-05	2.00E-05	-4624595.14	-4579158.444
1080	5650	9437	33661	25247	158431	40936	349362	792752	4086	5802	10486	12080	1.74E-05	9.83E-06	1.92E-05	8.18E-06	5.67E-04	7.34E-06	2.28E-05	9.77E-06	1.16E-05	2.86E-06	5.55E-05	1.67E-05	-4601974.78	-4560217.331
1196	14156	12853	39526	28171	4780	30179	109338	768495	3647	7916	10505	12102	2.39E-05	9.86E-06	1.09E-05	1.31E-05	3.18E-04	7.46E-06	1.72E-05	6.70E-06	3.78E-06	2.65E-06	3.73E-05	1.28E-05	-4612569.014	-4569569.131
5385	2041	8585	24878	29436	1144	11002	422211	750910	1011	5015	6094	12160	8.46E-05	4.13E-06	9.94E-05	2.65E-05	2.53E-04	1.27E-05	2.22E-05	5.61E-05	1.27E-05	1.62E-06	1.62E-04	1.90E-05	-4616227	-4568657.953
1169	1596	8817	27515	26145	1654	15502	602860	807943	2310	4990	6837	12196	4.91E-05	5.74E-06	1.12E-04	9.00E-06	0.0011634	5.00E-06	1.99E-05	6.74E-05	1.18E-05	2.47E-06	2.00E-04	9.00E-06	-4619692.787	-4574043.187
1090	5856	10760	37599	18347	10894	31457	65398	846277	4904	6903	10071	12429	5.00E-05	4.34E-06	1.70E-05	1.92E-06	4.68E-04	2.24E-05	2.11E-05	1.21E-05	8.08E-06	3.61E-06	4.96E-05	1.03E-05	-4617433.827	-4574509.97
1210	2198	6776	16509	21985	1293	6618	283083	830363	3502	3962	4782	12574	4.73E-05	1.17E-05	7.84E-05	1.32E-05	9.33E-04	2.66E-06	2.59E-05	3.32E-05	7.54E-06	1.96E-06	1.49E-04	1.05E-05	-4609914.92	-4565141.104
1107	7137	11102	33823	21700	31013	23509	422111	811753	4130	6889	9988	12584	3.85E-05	3.68E-06	2.75E-06	1.74E-05	4.75E-04	5.44E-06	2.37E-05	6.84E-06	6.54E-06	3.38E-06	2.89E-05	1.31E-05	-4610624.932	-4569420.441
1098	4477	6389	40847	27887	8466	82904	196478	805652	3750	4195	11323	12644	2.58E-05	1.01E-05	3.33E-05	9.61E-06	6.29E-04	3.41E-06	2.20E-05	1.10E-05	7.46E-06	1.16E-06	5.55E-05	2.85E-05	-4615888.676	-4573183.427
1274	1376	8456	39752	26638	1385	48037	191711	800534	1076	4757	10583	12684	7.47E-05	1.85E-05	1.31E-04	2.53E-05	7.97E-04	9.59E-06	5.56E-05	7.29E-05	2.20E-05	5.47E-06	2.05E-04	1.38E-05	-4621981.503	-4575134.788
1104	5897	14084	36101	25647	415412	20453	277254	793878	4051	8933	11348	12756	3.21E-05	1.11E-05	1.16E-05	1.00E-05	5.58E-04	2.75E-06	2.27E-05	3.01E-06	1.03E-05	2.04E-06	4.59E-05	1.32E-05	-4618236.434	-4576542.099
1739	1987	9060	41001	28357	1653	76536	520977	835155	1316	6399	10678	12842	6.74E-05	1.05E-05	7.98E-05	7.41E-06	4.64E-04	1.28E-05	3.11E-05	5.55E-05	1.56E-05	2.89E-06	1.45E-04	3.21E-05	-4626537.472	-4579432.111
2398	1329	10459	39871	30611	1769	33141	378558	793386	631	6551	9804	12881	9.51E-05	8.94E-06	1.24E-04	1.17E-05	1.52E-04	1.58E-05	6.10E-05	1.06E-04	2.95E-05	2.01E-06	2.34E-04	2.54E-05	-4617975.796	-4569893.211
1323	2233	11555	40752	27188	1978	40751	124251	820254	1517	6731	10829	12899	7.24E-05	1.15E-05	8.79E-05	1.14E-05	6.72E-04	5.90E-06	2.92E-05	6.83E-05	1.06E-05	2.83E-06	1.40E-04	1.55E-05	-4615972.938	-4569854.147
1132	1915	7531	45173	27723	1552	75849	549297	793013	1401	4868	10850	12937	5.54E-05	7.99E-06	9.80E-05	1.98E-05	7.74E-04	3.13E-06	3.61E-05	5.27E-05	3.48E-06	5.12E-06	1.92E-04	2.79E-05	-4616978.278	-4571110.705
1756	1839	8504	43144	27072	1624	151322	244748	818663	2181	6047	11882	13130	4.60E-05	1.67E-05	8.60E-05	2.97E-06	9.29E-04	2.91E-06	2.08E-05	4.62E-05	1.09E-05	2.26E-06	1.78E-04	3.74E-05	-4607744.817	-4561501.766
1371	3167	15836	41159	29831	3501	6829	187679	767765	2003	9986	10593	13250	4.79E-05	8.61E-06	5.49E-05	5.64E-06	4.06E-04	1.18E-05	2.39E-05	3.55E-05	1.38E-05	2.70E-06	1.02E-04	1.87E-05	-4612710.95	-4567459.297
3556	1421	10131	42789	31108	1597	82004	611239	757694	836	6508	11854	13274	8.68E-05	2.82E-05	1.27E-04	5.13E-05	5.57E-04	5.75E-06	4.79E-05	9.34E-05	1.07E-05	1.47E-06	2.18E-04	2.64E-05	-4619944.546	-4572295.426
1798	1664	13814	44166	31572	2384	30291	420907	780490	934	8378	11468	13381	6.41E-05	2.38E-05	1.01E-04	2.64E-05	2.89E-04	6.32E-06	4.51E-05	6.49E-05	1.40E-05	1.25E-06	1.85E-04	1.69E-05	-4616426.265	-4569539.551
1121	1788	18707	47171	23336	3713	8971	75340	848640	834	10609	11705	13423	1.68E-04	2.45E-06	9.96E-05	3.49E-05	3.87E-04	9.64E-06	6.45E-05	5.87E-05	1.84E-05	1.61E-06	2.00E-04	2.32E-05	-4623359.715	-4573244.803
1683	2281	9798	53384	31524	1655	73265	196043	737964	1900	6121	12861	13507	4.13E-05	5.85E-06	6.89E-05	6.08E-06	5.54E-04	1.14E-05	2.01E-05	5.49E-05	9.37E-06	2.42E-06	1.27E-04	2.10E-05	-4630934.38	-4584280.915
1115	7434	12844	32637	20916	248269	26278	124627	855068	4763	8628	11611	13544	3.39E-05	1.44E-05	1.11E-05	1.41E-05	4.60E-04	1.39E-05	3.10E-05	7.32E-06	5.00E-06	3.91E-06	3.72E-05	1.85E-05	-4617526.511	-4575288.61
1150	5329	9223	34243	25273	11603	41159	335911	799669	4185	5948	9602	13583	2.91E-05	7.59E-06	1.29E-05	1.07E-05	5.55E-04	4.72E-06	2.33E-05	1.16E-05	7.73E-06	2.16E-06	7.33E-05	2.35E-05	-4622842.211	-4580614.757
1233	5602	6870	23302	23570	27215	36147	329179	850302	4395	4974	7263	13648	3.47E-05	1.68E-05	9.88E-06	7.63E-06	5.57E-04	4.57E-06	2.55E-05	3.95E-06	1.04E-05	2.24E-06	5.38E-05	2.85E-05	-4607862.681	-4565581.074
1133	7730	6289	37040	27223	1499	97872	151509	831404	3221	4419	11479	13710	3.55E-05	1.16E-05	1.82E-05	2.03E-05	4.22E-04	4.98E-06	2.25E-05	9.01E-06	5.38E-06	2.29E-06	5.07E-05	2.76E-05	-4607234.891	-4565259.998
1076	2668	8567	43650	25303	2233	103230	231578	802361	1519	6168	12312	13720	9.18E-05	1.15E-05	9.24E-05	2.10E-05	6.08E-04	2.41E-06	3.93E-05	3.04E-05	1.53E-05	1.45E-06	1.27E-04	4.14E-05	-4623741.223	-4577849.295
1148	6723	6152	46209	23625	6385	109063	76050	808744	4127	4301	12850	13721	3.54E-05	6.13E-06	5.02E-06	4.73E-06	5.59E-04	5.26E-06	2.54E-05	8.07E-06	1.13E-05	2.62E-06	4.34E-05	2.63E-05	-4607967.061	-4565795.914
1755	1316	15602	53121	1198	2652	13316	39517	941387	686	9413	10709	13783	0.0011117	1.84E-06	1.92E-04	1.91E-05	3.17E-04	9.31E-06	2.15E-04	6.32E-05	1.97E-05	3.19E-06	2.28E-04	2.42E-05	-4639265.635	-4570370.848
1139	1467	10874	48095	31734	2607	90752	98405	802191	1752	7576	12250	13824	5.36E-05	8.04E-06	1.24E-04	1.34E-05	0.0011683	5.58E-06	2.37E-05	7.75E-05	4.54E-06	3.50E-06	1.92E-04	2.21E-05	-4618876.021	-4573040.933
1192	4681	7328	37761	25040	76622	96151	114842	840369	4140	5805	11891	13875	3.35E-05	6.39E-06	5.08E-06	1.90E-05	6.25E-04	3.06E-06	2.09E-05	2.21E-05	3.28E-06	3.12E-06	6.21E-05	3.75E-05	-4607054.22	-4564458.455
1585	3098	17129	41887	7112	3080	14108	72765	917111	1558	9327	11497	13890	2.93E-04	5.55E-06	6.94E-05	2.44E-05	2.87E-04	3.22E-06	7.76E-05	2.43E-05	1.67E-05	3.77E-06	1.00E-04	9.14E-06	-4639226.06	-4574246.811
1500	11349	14350	39772	29828	4162	16477	181353	785522	3564	8966	10909	13914	3.11E-05	2.81E-06	1.71E-05	4.70E-06	2.25E-04	1.24E-06	1.55E-05	8.30E-06	1.20E-05	2.55E-06	3.90E-05	7.46E-06	-4608382.349	-4565329.491
1208	7816	8526	33368	24178	2616	43629	174849	825360	3998	4950	10019	13965	3.79E-05	1.05E-05	9.41E-06	8.23E-06	4.58E-04	8.31E-06	2.68E-05	6.25E-06	1.09E-05	2.96E-06	4.83E-05	9.98E-06	-4624047.525	-4581639.244
1143	1760	6284	43110	29603	1241	94061	232797	782635	920	4278	10533	13989	9.78E-05	2.78E-06	9.33E-05	5.12E-06	3.48E-04	2.03E-06	5.23E-05	6.15E-05	3.81E-05	1.72E-06	1.92E-04	4.97E-05	-4617885.663	-4570207.569
1078	5576	6767	44589	26810	20469	187752	28618	853584	4276	5238	13289	14052	2.41E-05	8.94E-06	7.22E-06	4.32E-06	5.75E-04	5.78E-06	2.58E-05	1.40E-05	9.85E-06	4.64E-06	5.80E-05	4.05E-05	-4613598.757	-4569870.636
1525	3020	10105	60035	4684	1823	71354	58971	767363	1361	6101	13256	14075	4.08E-04	2.56E-06	5.91E-05	1.74E-05	1.82E-04	5.06E-06	1.24E-04	3.19E-05	9.12E-06	1.87E-06	1.15E-04	1.89E-05	-4637195.805	-4569908.014
1078	8186	12078	43281	30937	5252	45500	306522	769213	3685	7821	11666	14132	2.86E-05	9.30E-06	1.19E-05	5.51E-06	3.84E-04	9.18E-06	1.67E-05	1.25E-05	7.44E-06	4.45E-06	4.37E-05	1.24E-05	-4606511.015	-4564940.356
1327	6953	10428	41532	29205	4054	53324	116165	769544	4081	6980	12656	14132	2.77E-05	1.23E-05	2.00E-05	5.71E-06	4.28E-04	1.57E-06	1.91E-05	1.28E-05	1.08E-05	3.24E-06	5.26E-05	1.80E-05	-4601701.257	-4560636.781
1157	6274	14577	43588	25850	9774	23553	149892	787774	3266	9827	11682	14150	3.62E-05	9.67E-06	1.48E-05	3.75E-06	4.94E-04	7.72E-06	2.74E-05	1.88E-05	8.01E-06	1.57E-06	5.46E-05	1.80E-05	-4615406.481	-4572595.192
1123	6905	16440	40691	24393	34342	10603	221144	821281	4152	10468	11692	14156	3.53E-05	2.82E-06	4.98E-06	7.20E-06	4.89E-04	3.85E-06	2.39E-05	1.24E-05	9.20E-06	4.41E-06	4.04E-05	1.29E-05	-4621325.718	-4578771.499
1971	1715	18467	50057	11068	2649	19505	91726	804220	1680	10383	13038	14191	2.50E-04	2.38E-06	9.11E-05	9.55E-06	6.41E-04	1.42E-05	7.97E-05	5.18E-05	2.38E-05	3.99E-06	1.58E-04	5.24E-06	-4633925.061	-4574223.098
1139	6289	6408	37544	28516	1597	173043	160441	781189	3482	4519	9825	14205	2.93E-05	7.78E-06	1.59E-05	6.45E-06	4.69E-04	7.10E-06	2.35E-05	8.47E-06	1.13E-05	2.20E-06	5.75E-05	3.05E-05	-4614437.91	-4572185.302
1579	1666	9388	41889	27957	1632	87072	178013	843395	2474	6141	12602	14212	3.65E-05	1.34E-05	8.52E-05	2.75E-06	9.69E-04	1.01E-05	2.43E-05	6.13E-05	1.78E-05	2.78E-06	1.79E-04	1.97E-05	-4609246.941	-4563204.443
1136	7712	11806	39343	24835	153729	45453	183029	796356	5986	8088	11117	14218	2.77E-05	5.92E-06	9.21E-06	7.71E-06	3.71E-04	2.69E-05	1.78E-05	8.04E-06	5.58E-06	4.88E-06	3.54E-05	1.37E-05	-4622360.691	-4580431.924
1090	9757	10924	42481	25983	16734	55485	122401	834453	5045	7456	12635	14218	2.44E-05	8.99E-06	4.59E-06	9.85E-06	3.69E-04	1.52E-05	2.39E-05	7.41E-06	5.95E-06	2.99E-06	2.54E-05	1.86E-05	-4606434.972	-4564552.283
1092	4553	6370	35319	25781	3982	113825	250693	812743	3584	4577	10345	14222	3.41E-05	9.11E-06	1.41E-05	1.28E-05	6.26E-04	4.94E-06	2.43E-05	1.85E-05	6.24E-06	1.80E-06	7.18E-05	3.18E-05	-4612318.261	-4570195.936
1325	1485	7254	25026	34055	1198	19487	574615	772361	812	4364	6253	14241	7.68E-05	9.38E-06	1.35E-04	3.33E-05	5.87E-04	3.28E-06	5.89E-05	7.19E-05	1.16E-05	5.48E-06	2.24E-04	2.97E-05	-4609061.27	-4562226.354
1100	1993	10549	51635	32951	4258	176483	101504	753993	2846	7620	13390	14279	2.78E-05	6.76E-06	6.93E-05	1.07E-05	8.59E-04	1.83E-06	1.44E-05	4.48E-05	3.50E-06	3.08E-06	1.43E-04	2.34E-05	-4622157.672	-4577260.847
1083	9089	10327	46088	29790	5660	65861	80030	753372	3851	6543	12658	14301	3.08E-05	5.17E-06	7.52E-06	8.41E-06	4.35E-04	1.31E-05	1.64E-05	7.69E-06	5.40E-06	5.12E-06	3.94E-05	1.23E-05	-4612810.069	-4570539.81
1116	6821	10950	39923	27241	81128	74874	96713	814703	4547	9124	12690	14342	2.66E-05	8.72E-06	6.74E-06	1.46E-05	5.00E-04	8.58E-06	2.46E-05	5.90E-06	5.82E-06	6.06E-06	4.45E-05	3.32E-05	-4613459.814	-4571157.964
1269	3961	8989	32635	30135	2751	87387	422157	795567	2780	6610	10024	14350	4.18E-05	1.35E-05	4.24E-05	9.70E-06	5.61E-04	1.96E-06	2.09E-05	2.52E-05	1.09E-05	3.57E-06	9.18E-05	2.56E-05	-4605038.022	-4561388.892
2004	1709	8215	41702	30734	1236	65002	275642	832160	1073	5002	12104	14352	8.65E-05	1.98E-05	1.09E-04	3.92E-05	3.74E-04	1.13E-05	3.11E-05	5.74E-05	3.35E-06	2.87E-06	1.68E-04	2.34E-05	-4622569.247	-4574144.846
1116	5146	16214	48837	28657	25488	33783	348277	754961	3639	9900	13650	14367	2.93E-05	3.97E-06	1.96E-05	3.71E-06	5.92E-04	6.94E-06	2.66E-05	1.62E-05	1.51E-05	3.59E-06	4.76E-05	1.18E-05	-4612433.93	-4569552.329
1098	5509	6169	36431	27503	2914	113381	162640	833434	3857	4513	11296	14384	2.68E-05	1.32E-05	1.49E-05	1.43E-05	5.72E-04	9.27E-06	2.43E-05	8.58E-06	7.46E-06	3.06E-06	6.66E-05	3.08E-05	-4613733.85	-4572099.161
1136	1974	16267	53650	32290	3946	32084	199970	745136	1646	9913	12964	14393	6.48E-05	8.43E-06	9.31E-05	6.09E-06	6.77E-04	4.25E-06	2.47E-05	3.89E-05	1.39E-05	3.26E-06	1.46E-04	1.67E-05	-4624172.704	-4577171.644
1156	6465	9395	44979	25789	633430	74674	81544	813983	4843	6309	12846	14411	3.20E-05	8.63E-06	1.24E-05	2.97E-06	4.74E-04	1.45E-05	2.46E-05	6.23E-06	1.12E-05	2.07E-06	4.72E-05	1.83E-05	-4611870.881	-4570045.998
1452	1593	14154	45544	30393	2965	41996	87120	842958	1323	8928	13043	14469	5.83E-05	2.51E-05	1.04E-04	1.08E-05	7.48E-04	1.55E-05	4.30E-05	6.16E-05	1.85E-05	1.48E-06	1.77E-04	2.41E-05	-4619199.547	-4572655.498
1112	3830	5472	38907	25100	6032	120977	372931	842317	3794	4067	12159	14496	3.24E-05	9.09E-06	1.56E-05	1.14E-05	6.74E-04	1.99E-06	3.41E-05	2.21E-05	1.12E-05	1.99E-06	7.36E-05	4.87E-05	-4603620.201	-4561279.776
2020	1680	17563	53952	35687	2402	33412	153395	799548	997	9687	13841	14505	7.04E-05	1.38E-05	1.04E-04	1.84E-05	3.37E-04	2.29E-05	3.69E-05	6.57E-05	1.30E-05	1.94E-06	1.89E-04	1.53E-05	-4612918.873	-4565429.072
1135	5901	5720	41798	29733	2385	134978	135399	839236	3349	4335	12379	14530	3.69E-05	4.75E-06	1.17E-05	1.58E-05	5.95E-04	2.33E-06	2.36E-05	1.17E-05	7.13E-06	1.55E-06	5.98E-05	4.77E-05	-4617255.792	-4574301.347
1149	9714	14890	44121	29753	5794	40067	421879	775752	3643	9420	12697	14545	3.38E-05	3.58E-06	1.28E-05	1.39E-05	2.91E-04	1.28E-05	1.62E-05	1.18E-05	5.76E-06	2.47E-06	3.76E-05	9.67E-06	-4606269.479	-4564403.673
1114	5026	9730	46016	27906	11014	130034	440647	818382	4054	7042	14231	14558	2.92E-05	6.16E-06	2.56E-05	7.69E-06	5.89E-04	7.35E-06	2.61E-05	1.03E-05	1.29E-05	2.97E-06	6.43E-05	2.41E-05	-4612979.631	-4570978.804
1073	4347	7761	45680	26812	3887	106076	19235	852960	3725	4929	14047	14561	3.47E-05	1.20E-05	3.18E-05	1.75E-05	6.61E-04	6.95E-06	2.45E-05	2.01E-05	2.98E-06	2.81E-06	9.14E-05	1.37E-05	-4612195.484	-4568993.642
1114	6089	18452	42089	27246	44333	12029	144871	814939	4082	11322	12663	14566	3.10E-05	5.65E-06	1.17E-05	1.17E-05	5.08E-04	9.17E-06	2.47E-05	1.14E-05	8.97E-06	4.10E-06	4.13E-05	9.64E-06	-4603663.23	-4562081.317
1142	6375	9183	41620	27643	8492	66057	244694	796558	4288	6141	11971	14576	3.17E-05	2.01E-06	7.96E-06	1.05E-05	4.57E-04	1.29E-05	1.79E-05	1.26E-05	8.93E-06	1.66E-06	4.72E-05	2.22E-05	-4615834.256	-4573453.319
1171	5570	7581	43319	25436	10840	209395	154923	845250	4683	5807	12370	14592	2.81E-05	5.12E-06	1.22E-05	1.54E-05	5.08E-04	1.06E-05	2.07E-05	8.49E-06	2.18E-06	2.79E-06	6.23E-05	2.94E-05	-4627572.416	-4584586.308
1285	13777	11599	39444	28286	5276	41524	426802	778944	3907	7884	11225	14596	2.91E-05	6.16E-06	4.24E-06	1.25E-05	3.21E-04	7.41E-06	2.09E-05	7.62E-06	6.58E-06	2.83E-06	3.26E-05	1.83E-05	-4614303.933	-4572056.735
1315	1529	11941	49028	32765	3201	78082	75375	846294	2899	7528	13510	14612	3.52E-05	4.60E-06	1.17E-04	4.21E-06	0.0012525	7.65E-06	1.97E-05	6.07E-05	9.81E-06	1.30E-06	2.05E-04	1.49E-05	-4621171.439	-4574758.325
1094	4529	7458	44297	27637	20416	123865	121861	791368	4104	5156	13408	14613	2.83E-05	8.62E-06	1.14E-05	1.47E-05	5.93E-04	8.05E-06	1.83E-05	1.64E-05	2.28E-06	1.72E-06	6.82E-05	1.75E-05	-4619532.898	-4576977.501
1116	5245	12445	47814	26887	260369	51980	114062	822036	4003	7935	12722	14623	3.12E-05	5.04E-06	1.54E-05	3.11E-06	6.35E-04	2.49E-06	2.35E-05	1.82E-05	1.35E-05	3.11E-06	5.98E-05	1.63E-05	-4611112.175	-4568891.743
1519	3683	16306	50370	33771	3292	48198	687502	811721	2464	10445	14090	14666	4.52E-05	8.07E-06	4.24E-05	8.07E-06	3.47E-04	8.59E-06	1.62E-05	3.59E-05	9.48E-06	3.49E-06	7.98E-05	1.85E-05	-4615632.123	-4569877.88
1150	8855	9824	36455	30371	5764	29234	276190	794609	4201	6104	9498	14723	2.42E-05	4.13E-06	7.90E-06	9.34E-06	4.31E-04	1.23E-05	1.92E-05	4.05E-06	4.77E-06	3.62E-06	3.34E-05	1.19E-05	-4606375.713	-4565124.46
1337	8851	12867	56959	34791	10573	75085	59715	752015	5034	9182	13935	14737	1.30E-05	1.94E-06	1.18E-05	2.19E-06	3.56E-04	9.91E-06	1.66E-05	6.73E-06	6.66E-06	2.12E-06	3.21E-05	1.56E-05	-4614408.656	-4571707.934
1321	7237	10651	43265	23451	64346	111352	41162	839915	5303	8216	13699	14745	3.21E-05	8.56E-06	5.80E-06	1.37E-05	4.19E-04	1.34E-05	2.18E-05	8.14E-06	3.27E-06	1.72E-06	3.97E-05	2.45E-05	-4607634.863	-4565159.435
1256	4379	12264	42215	27968	15627	49372	250405	802444	4500	7177	12506	14799	3.78E-05	3.80E-06	2.76E-05	1.10E-05	6.18E-04	1.31E-06	1.19E-05	1.71E-05	6.41E-06	4.02E-06	8.93E-05	7.98E-06	-4608007.125	-4564413.134
1187	4478	24909	53048	29421	5860	1935	215640	799892	2488	14458	14689	14929	3.82E-05	9.86E-06	4.51E-05	3.05E-06	3.56E-04	7.32E-06	3.17E-05	2.01E-05	1.68E-05	4.75E-06	7.03E-05	1.18E-05	-4614810.946	-4570004.403
